{
    "dependency": {
        "optimization_metrics": "las",
        "las": {
            "las": 0.8084751418084751,
            "sum": "las"
        },
        "uas": {
            "uas": 0.8488488488488488
        }
    },
    "upos": {
        "optimization_metrics": "accuracy",
        "accuracy": {
            "accuracy": 0.9508087377021844,
            "sum": "accuracy"
        },
        "f1_macro": {
            "precision_ADP": 0.9704641350210971,
            "recall_ADP": 0.9759547383309759,
            "f1_ADP": 0.9732016925246827,
            "precision_ADV": 0.9079159935379645,
            "recall_ADV": 0.9108589951377634,
            "f1_ADV": 0.9093851132686084,
            "precision_NOUN": 0.9611650485436893,
            "recall_NOUN": 0.9413629160063391,
            "f1_NOUN": 0.9511609287429945,
            "precision_VERB": 0.96,
            "recall_VERB": 0.9538461538461539,
            "f1_VERB": 0.9569131832797427,
            "precision_PART": 0.9821428571428571,
            "recall_PART": 0.9821428571428571,
            "f1_PART": 0.9821428571428571,
            "precision_PUNCT": 1.0,
            "recall_PUNCT": 1.0,
            "f1_PUNCT": 1.0,
            "precision_PROPN": 0.8909574468085106,
            "recall_PROPN": 0.9410112359550562,
            "f1_PROPN": 0.9153005464480874,
            "precision_CCONJ": 0.9876543209876543,
            "recall_CCONJ": 1.0,
            "f1_CCONJ": 0.9937888198757764,
            "precision_SCONJ": 0.97165991902834,
            "recall_SCONJ": 0.975609756097561,
            "f1_SCONJ": 0.973630831643002,
            "precision_PRON": 0.9533333333333334,
            "recall_PRON": 0.9727891156462585,
            "f1_PRON": 0.962962962962963,
            "precision_AUX": 0.9156118143459916,
            "recall_AUX": 0.9117647058823529,
            "f1_AUX": 0.9136842105263158,
            "precision_ADJ": 0.8941176470588236,
            "recall_ADJ": 0.9020771513353115,
            "f1_ADJ": 0.8980797636632201,
            "precision_NUM": 0.9532163742690059,
            "recall_NUM": 0.9476744186046512,
            "f1_NUM": 0.9504373177842567,
            "precision_X": 1.0,
            "recall_X": 0.5714285714285714,
            "f1_X": 0.7272727272727273,
            "precision_DET": 0.0,
            "recall_DET": 0.0,
            "f1_DET": 0.0,
            "precision_SYM": 0.0,
            "recall_SYM": 0.0,
            "f1_SYM": 0.0,
            "precision_macro": 0.8342649306298292,
            "recall_macro": 0.8116575384633657,
            "f1_macro": 0.8192475596959521
        },
        "f1_micro": {
            "precision_micro": 0.9508087377021844,
            "recall_micro": 0.9508087377021844,
            "f1_micro": 0.9508087377021844
        }
    },
    "sum": 1.7592838795106596
}